a=1:9;b=[11,12,13;14,15,16;17,18,19];
c=a; a=b; b=c;

a
b